# x/c, Cp (NACA0012 surface)
-0.00105675 1.145746191
-0.00105675 1.145746191
-0.000747 1.108926507
-0.000747 1.108926507
-0.00012225 1.034327981
-0.00012225 1.034327981
0.00081975 0.9374011363
0.00081975 0.9374011363
0.00207675 0.8226000055
0.00207675 0.8226000055
0.00364325 0.7039982053
0.00364325 0.7039982053
0.005512 0.5847610716
0.005512 0.5847610716
0.00767625 0.4726692597
0.00767625 0.4726692597
0.010129 0.3670655898
0.010129 0.3670655898
0.01286425 0.2714877956
0.01286425 0.2714877956
0.0158765 0.1840348756
0.0158765 0.1840348756
0.019161 0.105310485
0.019161 0.105310485
0.02271425 0.03408093249
0.02271425 0.03408093249
0.02653125 -0.03002422772
0.02653125 -0.03002422772
0.030608 -0.08849472056
0.030608 -0.08849472056
0.034941 -0.1410175546
0.034941 -0.1410175546
0.0395265 -0.1899741109
0.0395265 -0.1899741109
0.04436075 -0.2339840912
0.04436075 -0.2339840912
0.04944 -0.2749719197
0.04944 -0.2749719197
0.0547605 -0.3128604902
0.0547605 -0.3128604902
0.0603185 -0.3488808356
0.0603185 -0.3488808356
0.06611075 -0.3811936305
0.06611075 -0.3811936305
0.0721335 -0.4116286136
0.0721335 -0.4116286136
0.0783825 -0.4403927537
0.0783825 -0.4403927537
0.084854 -0.4673026658
0.084854 -0.4673026658
0.09154425 -0.4927706934
0.09154425 -0.4927706934
0.0984495 -0.5172157832
0.0984495 -0.5172157832
0.105566 -0.5389496554
0.105566 -0.5389496554
0.1128895 -0.5615621999
0.1128895 -0.5615621999
0.120416 -0.5813050418
0.120416 -0.5813050418
0.12814175 -0.6011427665
0.12814175 -0.6011427665
0.1360625 -0.6194282806
0.1360625 -0.6194282806
0.144174 -0.6373375763
0.144174 -0.6373375763
0.1524725 -0.6537839638
0.1524725 -0.6537839638
0.1609535 -0.6705115273
0.1609535 -0.6705115273
0.16961275 -0.6857567868
0.16961275 -0.6857567868
0.1784465 -0.7003589182
0.1784465 -0.7003589182
0.18744975 -0.7146036087
0.18744975 -0.7146036087
0.1966185 -0.7279186296
0.1966185 -0.7279186296
0.20594875 -0.740914699
0.20594875 -0.740914699
0.21543525 -0.7530756705
0.21543525 -0.7530756705
0.22507375 -0.7648623402
0.22507375 -0.7648623402
0.23486025 -0.7756116188
0.23486025 -0.7756116188
0.24478975 -0.7871879186
0.24478975 -0.7871879186
0.25485775 -0.7963534336
0.25485775 -0.7963534336
0.26506 -0.8068466966
0.26506 -0.8068466966
0.2753915 -0.8148840121
0.2753915 -0.8148840121
0.2858475 -0.8250296502
0.2858475 -0.8250296502
0.29642325 -0.8315781986
0.29642325 -0.8315781986
0.30711425 -0.8410282648
0.30711425 -0.8410282648
0.3179155 -0.8462227224
0.3179155 -0.8462227224
0.328822 -0.8554402721
0.328822 -0.8554402721
0.339829 -0.859050455
0.339829 -0.859050455
0.3509315 -0.8680415736
0.3509315 -0.8680415736
0.3621245 -0.8701255792
0.3621245 -0.8701255792
0.37340275 -0.8791496664
0.37340275 -0.8791496664
0.3847615 -0.8791009445
0.3847615 -0.8791009445
0.3961955 -0.8883950458
0.3961955 -0.8883950458
0.40769925 -0.8863482558
0.40769925 -0.8863482558
0.4192675 -0.8960644881
0.4192675 -0.8960644881
0.430895 -0.891328165
0.430895 -0.891328165
0.44257675 -0.9017772497
0.44257675 -0.9017772497
0.454307 -0.8941318673
0.454307 -0.8941318673
0.46608 -0.9055448688
0.46608 -0.9055448688
0.47789025 -0.8950473984
0.47789025 -0.8950473984
0.48973225 -0.9057125399
0.48973225 -0.9057125399
0.50160025 -0.5821276097
0.50160025 -0.5821276097
0.5134885 -0.1523512925
0.5134885 -0.1523512925
0.525391 -0.1577478304
0.525391 -0.1577478304
0.53730175 -0.1665731952
0.53730175 -0.1665731952
0.54921525 -0.172860207
0.54921525 -0.172860207
0.56112525 -0.1768896989
0.56112525 -0.1768896989
0.57302525 -0.1784563581
0.57302525 -0.1784563581
0.584909 -0.1781825284
0.584909 -0.1781825284
0.5967705 -0.1761267075
0.5967705 -0.1761267075
0.6086035 -0.1726318864
0.6086035 -0.1726318864
0.62040125 -0.1683381934
0.62040125 -0.1683381934
0.63215725 -0.1630133841
0.63215725 -0.1630133841
0.643865 -0.1568367715
0.643865 -0.1568367715
0.65551775 -0.1500898889
0.65551775 -0.1500898889
0.66710875 -0.1428076306
0.66710875 -0.1428076306
0.6786315 -0.1352187793
0.6786315 -0.1352187793
0.69007875 -0.1273331627
0.69007875 -0.1273331627
0.7014435 -0.1190395227
0.7014435 -0.1190395227
0.712719 -0.110441821
0.712719 -0.110441821
0.723898 -0.1019246981
0.723898 -0.1019246981
0.7349735 -0.09311872628
0.7349735 -0.09311872628
0.74593825 -0.08403256641
0.74593825 -0.08403256641
0.756785 -0.07485161601
0.756785 -0.07485161601
0.76750625 -0.06571726872
0.76750625 -0.06571726872
0.778095 -0.05624855766
0.778095 -0.05624855766
0.78854375 -0.04676353219
0.78854375 -0.04676353219
0.79884475 -0.03723565354
0.79884475 -0.03723565354
0.808991 -0.02734536247
0.808991 -0.02734536247
0.818975 -0.01765436922
0.818975 -0.01765436922
0.82878925 -0.007753589645
0.82878925 -0.007753589645
0.838426 0.002426603694
0.838426 0.002426603694
0.84787775 0.01251457797
0.84787775 0.01251457797
0.85713725 0.02294259756
0.85713725 0.02294259756
0.866197 0.03319775639
0.866197 0.03319775639
0.875049 0.04394741824
0.875049 0.04394741824
0.883686 0.05472234404
0.883686 0.05472234404
0.892101 0.06555704527
0.892101 0.06555704527
0.90028625 0.07683339203
0.90028625 0.07683339203
0.908234 0.08811180299
0.908234 0.08811180299
0.915937 0.09956793872
0.915937 0.09956793872
0.92338825 0.1114052987
0.92338825 0.1114052987
0.93058025 0.1231187894
0.93058025 0.1231187894
0.93750575 0.1354654531
0.93750575 0.1354654531
0.9441575 0.1480799687
0.9441575 0.1480799687
0.95052825 0.160869315
0.95052825 0.160869315
0.956611 0.1739244365
0.956611 0.1739244365
0.96239875 0.1875884604
0.96239875 0.1875884604
0.9678845 0.2013975679
0.9678845 0.2013975679
0.97306125 0.2161655085
0.97306125 0.2161655085
0.977922 0.2307738081
0.977922 0.2307738081
0.98245975 0.2465868789
0.98245975 0.2465868789
0.986668 0.2626448058
0.986668 0.2626448058
0.9905395 0.2799870873
0.9905395 0.2799870873
0.994067 0.2978468222
0.994067 0.2978468222
0.99724375 0.3177766995
0.99724375 0.3177766995
1.000062 0.3379135315
1.000062 0.3379135315
1.00251425 0.3611862312
1.00251425 0.3611862312
1.004592 0.3851115506
1.004592 0.3851115506
1.0062855 0.4158732077
1.0062855 0.4158732077
1.00758425 0.4463638209
1.00758425 0.4463638209
1.00847425 0.5004042877
1.00847425 0.5004042877
1.008935 0.562680053
1.008935 0.562680053
